0.4999605221019081 0.006283019941676304 0
0.49984209464165 0.01256504772166874 0
0.4996447363202946 0.01884509133496727 0
0.4993684783030087 0.02512215908988478 0
0.4990133642141358 0.03139525976465669 0
0.498579450130307 0.03766340276396636 0
0.4980668045715863 0.04392559827537158 0
0.4974755084906501 0.05018085742560744 0
0.4968056552600042 0.05642819243674083 0
0.4960573506572389 0.06266661678215212 0
0.4952307128483256 0.06889514534231903 0
0.494325872368957 0.07511279456037852 0
0.493342972103934 0.08131858259744178 0
0.4922821672646027 0.087511529487638 0
0.4911436253643444 0.09369065729286229 0
0.4899275261921234 0.09985499025720349 0
0.4886340617840967 0.1060035549610273 0
0.4872634363932886 0.1121353804746906 0
0.485815866457337 0.1182494985118623 0
0.4842915805643155 0.1243449435824274 0
0.4826908194166369 0.1304207531449484 0
0.481013835793043 0.1364759677586626 0
0.479260894508688 0.142509631234988 0
0.4774322723733215 0.1485207907885174 0
0.4755282581475768 0.1545084971874737 0
0.4735491524973722 0.1604718049036047 0
0.4714952679464323 0.1664097722614933 0
0.469366928826937 0.1723214615872585 0
0.4671644712283061 0.1782059393566253 0
0.4648882429441257 0.1840622763423389 0
0.462538603417229 0.1898895477609005 0
0.4601159236829352 0.1956868334186012 0
0.4576205863104588 0.2014532178568313 0
0.4550529853424979 0.207187790496642 0
0.4524135262330098 0.2128896457825363 0
0.4497026257831855 0.2185578833254664 0
0.4469207120756319 0.2241916080450161 0
0.4440682244067723 0.2297899303107439 0
0.4411456132174767 0.2353519660826662 0
0.4381533400219318 0.2408768370508576 0
0.4350918773347628 0.2463636707741458 0
0.4319617085964177 0.2518116008178804 0
0.4287633280968262 0.2572197668907532 0
0.425497240897346 0.2625873149806478 0
0.4221639627510076 0.2679133974894983 0
0.4187640200210709 0.2731971733671345 0
0.4152979495979063 0.278437808244094 0
0.4117662988142137 0.2836344745633782 0
0.408169625358592 0.2887863517111338 0
0.4045084971874737 0.2938926261462365 0
0.4007834924354383 0.2989524915287594 0
0.3969951993239177 0.3039651488473026 0
0.3931442160683095 0.3089298065451671 0
0.3892311507835118 0.3138456806453502 0
0.3852566213878947 0.3187119948743448 0
0.381221255505724 0.3235279807847221 0
0.3771256903680519 0.3282928778764782 0
0.3729705727120911 0.3330059337171257 0
0.368756558679087 0.3376664040605121 0
0.3644843137107058 0.3422735529643443 0
0.3601545124439535 0.3468266529064024 0
0.3557678386046427 0.3513249848994245 0
0.3513249848994247 0.3557678386046426 0
0.3468266529064026 0.3601545124439534 0
0.3422735529643444 0.3644843137107057 0
0.3376664040605123 0.3687565586790869 0
0.3330059337171259 0.372970572712091 0
0.3282928778764783 0.3771256903680518 0
0.3235279807847222 0.3812212555057238 0
0.3187119948743449 0.3852566213878945 0
0.3138456806453503 0.3892311507835116 0
0.3089298065451673 0.3931442160683094 0
0.3039651488473028 0.3969951993239176 0
0.2989524915287595 0.4007834924354382 0
0.2938926261462367 0.4045084971874736 0
0.2887863517111339 0.4081696253585919 0
0.2836344745633784 0.4117662988142136 0
0.2784378082440941 0.4152979495979062 0
0.2731971733671347 0.4187640200210708 0
0.2679133974894984 0.4221639627510075 0
0.2625873149806479 0.4254972408973459 0
0.2572197668907532 0.4287633280968262 0
0.2518116008178803 0.4319617085964177 0
0.2463636707741457 0.4350918773347629 0
0.2408768370508575 0.4381533400219319 0
0.2353519660826661 0.4411456132174768 0
0.2297899303107437 0.4440682244067724 0
0.2241916080450158 0.4469207120756321 0
0.2185578833254661 0.4497026257831857 0
0.2128896457825359 0.45241352623301 0
0.2071877904966416 0.4550529853424981 0
0.2014532178568308 0.457620586310459 0
0.1956868334186007 0.4601159236829354 0
0.1898895477609 0.4625386034172293 0
0.1840622763423383 0.464888242944126 0
0.1782059393566247 0.4671644712283063 0
0.1723214615872578 0.4693669288269373 0
0.1664097722614925 0.4714952679464325 0
0.1604718049036039 0.4735491524973725 0
0.1545084971874728 0.4755282581475771 0
0.1485207907885165 0.4774322723733218 0
0.142509631234987 0.4792608945086883 0
0.1364759677586615 0.4810138357930432 0
0.1304207531449473 0.4826908194166373 0
0.1243449435824262 0.4842915805643159 0
0.1182494985118611 0.4858158664573373 0
0.1121353804746893 0.4872634363932889 0
0.106003554961026 0.488634061784097 0
0.09985499025720208 0.4899275261921237 0
0.09369065729286084 0.4911436253643446 0
0.08751152948763649 0.4922821672646029 0
0.08131858259744021 0.4933429721039343 0
0.07511279456037688 0.4943258723689573 0
0.06889514534231733 0.4952307128483259 0
0.06266661678215037 0.4960573506572392 0
0.05642819243673903 0.4968056552600044 0
0.05018085742560557 0.4974755084906503 0
0.04392559827536967 0.4980668045715864 0
0.03766340276396438 0.4985794501303071 0
0.03139525976465465 0.4990133642141359 0
0.02512215908988269 0.4993684783030088 0
0.01884509133496513 0.4996447363202947 0
0.01256504772166655 0.49984209464165 0
0.006283019941674056 0.4999605221019081 0
-2.300852181734145e-015 0.5 0
-0.006283019941678658 0.4999605221019081 0
-0.01256504772167115 0.4998420946416499 0
-0.01884509133496973 0.4996447363202946 0
-0.02512215908988729 0.4993684783030086 0
-0.03139525976465925 0.4990133642141356 0
-0.03766340276396897 0.4985794501303067 0
-0.04392559827537425 0.498066804571586 0
-0.05018085742561015 0.4974755084906498 0
-0.0564281924367436 0.4968056552600039 0
-0.06266661678215493 0.4960573506572386 0
-0.06889514534232188 0.4952307128483252 0
-0.07511279456038143 0.4943258723689566 0
-0.08131858259744475 0.4933429721039336 0
-0.08751152948764102 0.4922821672646022 0
-0.09369065729286535 0.4911436253643438 0
-0.09985499025720659 0.4899275261921228 0
-0.1060035549610305 0.4886340617840961 0
-0.1121353804746938 0.4872634363932878 0
-0.1182494985118656 0.4858158664573362 0
-0.1243449435824306 0.4842915805643147 0
-0.1304207531449518 0.4826908194166361 0
-0.1364759677586659 0.481013835793042 0
-0.1425096312349914 0.4792608945086869 0
-0.1485207907885209 0.4774322723733204 0
-0.1545084971874772 0.4755282581475757 0
-0.1604718049036082 0.473549152497371 0
-0.1664097722614968 0.471495267946431 0
-0.1723214615872621 0.4693669288269358 0
-0.1782059393566289 0.4671644712283047 0
-0.1840622763423426 0.4648882429441243 0
-0.1898895477609042 0.4625386034172275 0
-0.1956868334186049 0.4601159236829336 0
-0.201453217856835 0.4576205863104572 0
-0.2071877904966458 0.4550529853424962 0
-0.21288964578254 0.4524135262330081 0
-0.2185578833254701 0.4497026257831837 0
-0.2241916080450198 0.44692071207563 0
-0.2297899303107477 0.4440682244067704 0
-0.23535196608267 0.4411456132174746 0
-0.2408768370508614 0.4381533400219297 0
-0.2463636707741496 0.4350918773347607 0
-0.2518116008178842 0.4319617085964154 0
-0.257219766890757 0.4287633280968238 0
-0.2625873149806517 0.4254972408973435 0
-0.2679133974895022 0.4221639627510051 0
-0.2731971733671385 0.4187640200210683 0
-0.2784378082440979 0.4152979495979037 0
-0.2836344745633821 0.411766298814211 0
-0.2887863517111377 0.4081696253585892 0
-0.2938926261462405 0.4045084971874708 0
-0.2989524915287634 0.4007834924354354 0
-0.3039651488473066 0.3969951993239146 0
-0.3089298065451711 0.3931442160683064 0
-0.3138456806453542 0.3892311507835086 0
-0.3187119948743488 0.3852566213878914 0
-0.3235279807847261 0.3812212555057206 0
-0.3282928778764822 0.3771256903680485 0
-0.3330059337171297 0.3729705727120876 0
-0.3376664040605161 0.3687565586790834 0
-0.3422735529643483 0.3644843137107021 0
-0.3468266529064064 0.3601545124439497 0
-0.3513249848994285 0.3557678386046388 0
-0.3557678386046466 0.3513249848994207 0
-0.3601545124439573 0.3468266529063985 0
-0.3644843137107096 0.3422735529643402 0
-0.3687565586790908 0.337666404060508 0
-0.3729705727120949 0.3330059337171215 0
-0.3771256903680557 0.3282928778764738 0
-0.3812212555057277 0.3235279807847177 0
-0.3852566213878984 0.3187119948743403 0
-0.3892311507835154 0.3138456806453456 0
-0.3931442160683132 0.3089298065451624 0
-0.3969951993239214 0.3039651488472979 0
-0.4007834924354419 0.2989524915287545 0
-0.4045084971874773 0.2938926261462316 0
-0.4081696253585956 0.2887863517111287 0
-0.4117662988142173 0.2836344745633731 0
-0.4152979495979098 0.2784378082440888 0
-0.4187640200210743 0.2731971733671292 0
-0.422163962751011 0.2679133974894929 0
-0.4254972408973494 0.2625873149806423 0
-0.4287633280968295 0.2572197668907476 0
-0.431961708596421 0.2518116008178747 0
-0.4350918773347661 0.24636367077414 0
-0.438153340021935 0.2408768370508518 0
-0.4411456132174798 0.2353519660826603 0
-0.4440682244067754 0.2297899303107379 0
-0.4469207120756349 0.22419160804501 0
-0.4497026257831885 0.2185578833254602 0
-0.4524135262330127 0.21288964578253 0
-0.4550529853425008 0.2071877904966357 0
-0.4576205863104617 0.2014532178568249 0
-0.460115923682938 0.1956868334185947 0
-0.4625386034172317 0.1898895477608939 0
-0.4648882429441283 0.1840622763423323 0
-0.4671644712283086 0.1782059393566186 0
-0.4693669288269396 0.1723214615872517 0
-0.4714952679464347 0.1664097722614863 0
-0.4735491524973745 0.1604718049035977 0
-0.4755282581475791 0.1545084971874666 0
-0.4774322723733237 0.1485207907885102 0
-0.4792608945086901 0.1425096312349808 0
-0.481013835793045 0.1364759677586553 0
-0.4826908194166389 0.130420753144941 0
-0.4842915805643175 0.1243449435824199 0
-0.4858158664573388 0.1182494985118548 0
-0.4872634363932903 0.1121353804746829 0
-0.4886340617840984 0.1060035549610196 0
-0.489927526192125 0.0998549902571957 0
-0.4911436253643459 0.09369065729285443 0
-0.4922821672646041 0.08751152948763007 0
-0.4933429721039354 0.08131858259743378 0
-0.4943258723689583 0.07511279456037044 0
-0.4952307128483268 0.06889514534231088 0
-0.4960573506572399 0.0626666167821439 0
-0.4968056552600051 0.05642819243673256 0
-0.4974755084906509 0.05018085742559909 0
-0.498066804571587 0.04392559827536317 0
-0.4985794501303076 0.03766340276395788 0
-0.4990133642141363 0.03139525976464815 0
-0.4993684783030092 0.02512215908987618 0
-0.4996447363202949 0.01884509133495861 0
-0.4998420946416502 0.01256504772166003 0
-0.4999605221019082 0.006283019941667537 0
-0.5 -8.820551857043885e-015 0
-0.4999605221019079 -0.006283019941685177 0
-0.4998420946416498 -0.01256504772167766 0
-0.4996447363202943 -0.01884509133497624 0
-0.4993684783030083 -0.0251221590898938 0
-0.4990133642141352 -0.03139525976466576 0
-0.4985794501303063 -0.03766340276397547 0
-0.4980668045715854 -0.04392559827538074 0
-0.4974755084906491 -0.05018085742561664 0
-0.4968056552600031 -0.05642819243675008 0
-0.4960573506572377 -0.0626666167821614 0
-0.4952307128483243 -0.06889514534232835 0
-0.4943258723689556 -0.07511279456038787 0
-0.4933429721039325 -0.08131858259745119 0
-0.492282167264601 -0.08751152948764744 0
-0.4911436253643425 -0.09369065729287177 0
-0.4899275261921215 -0.09985499025721298 0
-0.4886340617840947 -0.1060035549610368 0
-0.4872634363932864 -0.1121353804747001 0
-0.4858158664573347 -0.1182494985118719 0
-0.4842915805643131 -0.124344943582437 0
-0.4826908194166343 -0.1304207531449581 0
-0.4810138357930403 -0.1364759677586722 0
-0.4792608945086851 -0.1425096312349977 0
-0.4774322723733185 -0.1485207907885271 0
-0.4755282581475737 -0.1545084971874834 0
-0.4735491524973688 -0.1604718049036144 0
-0.4714952679464288 -0.166409772261503 0
-0.4693669288269335 -0.1723214615872682 0
-0.4671644712283024 -0.178205939356635 0
-0.4648882429441218 -0.1840622763423487 0
-0.462538603417225 -0.1898895477609102 0
-0.460115923682931 -0.1956868334186109 0
-0.4576205863104546 -0.201453217856841 0
-0.4550529853424934 -0.2071877904966517 0
-0.4524135262330052 -0.212889645782546 0
-0.4497026257831808 -0.2185578833254761 0
-0.4469207120756271 -0.2241916080450258 0
-0.4440682244067673 -0.2297899303107536 0
-0.4411456132174715 -0.2353519660826759 0
-0.4381533400219265 -0.2408768370508672 0
-0.4350918773347574 -0.2463636707741554 0
-0.4319617085964121 -0.25181160081789 0
-0.4287633280968204 -0.2572197668907628 0
-0.4254972408973401 -0.2625873149806574 0
-0.4221639627510015 -0.2679133974895078 0
-0.4187640200210647 -0.273197173367144 0
-0.4152979495979 -0.2784378082441034 0
-0.4117662988142073 -0.2836344745633876 0
-0.4081696253585854 -0.2887863517111431 0
-0.404508497187467 -0.2938926261462458 0
-0.4007834924354314 -0.2989524915287687 0
-0.3969951993239106 -0.3039651488473119 0
-0.3931442160683022 -0.3089298065451763 0
-0.3892311507835044 -0.3138456806453593 0
-0.3852566213878871 -0.3187119948743539 0
-0.3812212555057163 -0.3235279807847312 0
-0.3771256903680441 -0.3282928778764871 0
-0.3729705727120832 -0.3330059337171347 0
-0.3687565586790789 -0.337666404060521 0
-0.3644843137106976 -0.3422735529643531 0
-0.3601545124439451 -0.3468266529064112 0
-0.3557678386046342 -0.3513249848994332 0
-0.3513249848994159 -0.3557678386046512 0
-0.3468266529063937 -0.3601545124439619 0
-0.3422735529643354 -0.3644843137107142 0
-0.3376664040605031 -0.3687565586790953 0
-0.3330059337171166 -0.3729705727120993 0
-0.3282928778764688 -0.37712569036806 0
-0.3235279807847126 -0.381221255505732 0
-0.3187119948743352 -0.3852566213879026 0
-0.3138456806453405 -0.3892311507835196 0
-0.3089298065451572 -0.3931442160683172 0
-0.3039651488472926 -0.3969951993239254 0
-0.2989524915287492 -0.4007834924354459 0
-0.2938926261462262 -0.4045084971874812 0
-0.2887863517111233 -0.4081696253585994 0
-0.2836344745633676 -0.4117662988142211 0
-0.2784378082440833 -0.4152979495979136 0
-0.2731971733671236 -0.418764020021078 0
-0.2679133974894873 -0.4221639627510145 0
-0.2625873149806367 -0.4254972408973528 0
-0.2572197668907419 -0.4287633280968329 0
-0.251811600817869 -0.4319617085964243 0
-0.2463636707741342 -0.4350918773347694 0
-0.240876837050846 -0.4381533400219382 0
-0.2353519660826545 -0.4411456132174829 0
-0.229789930310732 -0.4440682244067785 0
-0.2241916080450041 -0.4469207120756379 0
-0.2185578833254543 -0.4497026257831914 0
-0.212889645782524 -0.4524135262330156 0
-0.2071877904966296 -0.4550529853425035 0
-0.2014532178568188 -0.4576205863104643 0
-0.1956868334185886 -0.4601159236829406 0
-0.1898895477608878 -0.4625386034172342 0
-0.1840622763423261 -0.4648882429441308 0
-0.1782059393566124 -0.467164471228311 0
-0.1723214615872454 -0.4693669288269419 0
-0.1664097722614801 -0.4714952679464369 0
-0.1604718049035914 -0.4735491524973767 0
-0.1545084971874603 -0.4755282581475812 0
-0.1485207907885039 -0.4774322723733257 0
-0.1425096312349744 -0.479260894508692 0
-0.1364759677586489 -0.4810138357930469 0
-0.1304207531449346 -0.4826908194166407 0
-0.1243449435824135 -0.4842915805643192 0
-0.1182494985118483 -0.4858158664573404 0
-0.1121353804746765 -0.4872634363932918 0
-0.1060035549610131 -0.4886340617840998 0
-0.09985499025718921 -0.4899275261921264 0
-0.09369065729284792 -0.4911436253643471 0
-0.08751152948762354 -0.4922821672646053 0
-0.08131858259742723 -0.4933429721039365 0
-0.07511279456036388 -0.4943258723689593 0
-0.0688951453423043 -0.4952307128483277 0
-0.06266661678213732 -0.4960573506572408 0
-0.05642819243672596 -0.4968056552600059 0
-0.05018085742559249 -0.4974755084906516 0
-0.04392559827535657 -0.4980668045715876 0
-0.03766340276395127 -0.4985794501303081 0
-0.03139525976464153 -0.4990133642141367 0
-0.02512215908986956 -0.4993684783030095 0
-0.01884509133495199 -0.4996447363202952 0
-0.0125650477216534 -0.4998420946416504 0
-0.006283019941660907 -0.4999605221019083 0
1.545127383481614e-014 -0.5 0
0.006283019941691807 -0.4999605221019079 0
0.01256504772168429 -0.4998420946416496 0
0.01884509133498287 -0.4996447363202941 0
0.02512215908990042 -0.499368478303008 0
0.03139525976467238 -0.4990133642141348 0
0.03766340276398209 -0.4985794501303058 0
0.04392559827538735 -0.4980668045715849 0
0.05018085742562324 -0.4974755084906485 0
0.05642819243675667 -0.4968056552600024 0
0.06266661678216798 -0.4960573506572369 0
0.06889514534233492 -0.4952307128483234 0
0.07511279456039444 -0.4943258723689546 0
0.08131858259745772 -0.4933429721039314 0
0.08751152948765396 -0.4922821672645998 0
0.09369065729287827 -0.4911436253643413 0
0.09985499025721949 -0.4899275261921202 0
0.1060035549610433 -0.4886340617840932 0
0.1121353804747066 -0.4872634363932849 0
0.1182494985118783 -0.4858158664573331 0
0.1243449435824434 -0.4842915805643114 0
0.1304207531449645 -0.4826908194166326 0
0.1364759677586786 -0.4810138357930384 0
0.142509631235004 -0.4792608945086832 0
0.1485207907885334 -0.4774322723733165 0
0.1545084971874897 -0.4755282581475716 0
0.1604718049036207 -0.4735491524973667 0
0.1664097722615092 -0.4714952679464266 0
0.1723214615872744 -0.4693669288269312 0
0.1782059393566412 -0.4671644712283 0
0.1840622763423548 -0.4648882429441194 0
0.1898895477609164 -0.4625386034172225 0
0.195686833418617 -0.4601159236829285 0
0.2014532178568471 -0.4576205863104518 0
0.2071877904966578 -0.4550529853424907 0
0.212889645782552 -0.4524135262330024 0
0.2185578833254821 -0.4497026257831779 0
0.2241916080450317 -0.4469207120756241 0
0.2297899303107595 -0.4440682244067642 0
0.2353519660826818 -0.4411456132174684 0
0.240876837050873 -0.4381533400219234 0
0.2463636707741611 -0.4350918773347541 0
0.2518116008178957 -0.4319617085964088 0
0.2572197668907684 -0.428763328096817 0
0.262587314980663 -0.4254972408973366 0
0.2679133974895134 -0.422163962750998 0
0.2731971733671496 -0.4187640200210611 0
0.2784378082441089 -0.4152979495978963 0
0.2836344745633931 -0.4117662988142035 0
0.2887863517111485 -0.4081696253585815 0
0.2938926261462512 -0.4045084971874631 0
0.298952491528774 -0.4007834924354274 0
0.3039651488473172 -0.3969951993239066 0
0.3089298065451815 -0.3931442160682982 0
0.3138456806453645 -0.3892311507835002 0
0.318711994874359 -0.3852566213878829 0
0.3235279807847362 -0.381221255505712 0
0.3282928778764921 -0.3771256903680398 0
0.3330059337171397 -0.3729705727120787 0
0.337666404060526 -0.3687565586790744 0
0.3422735529643579 -0.364484313710693 0
0.346826652906416 -0.3601545124439405 0
0.3513249848994379 -0.3557678386046295 0
0.3557678386046559 -0.3513249848994112 0
0.3601545124439665 -0.3468266529063889 0
0.3644843137107187 -0.3422735529643305 0
0.3687565586790997 -0.3376664040604983 0
0.3729705727121037 -0.3330059337171116 0
0.3771256903680644 -0.3282928778764638 0
0.3812212555057363 -0.3235279807847076 0
0.3852566213879068 -0.3187119948743301 0
0.3892311507835238 -0.3138456806453353 0
0.3931442160683213 -0.308929806545152 0
0.3969951993239294 -0.3039651488472874 0
0.4007834924354499 -0.2989524915287439 0
0.4045084971874851 -0.2938926261462209 0
0.4081696253586032 -0.2887863517111179 0
0.4117662988142248 -0.2836344745633622 0
0.4152979495979172 -0.2784378082440777 0
0.4187640200210816 -0.2731971733671181 0
0.4221639627510181 -0.2679133974894817 0
0.4254972408973563 -0.262587314980631 0
0.4287633280968363 -0.2572197668907362 0
0.4319617085964277 -0.2518116008178633 0
0.4350918773347726 -0.2463636707741285 0
0.4381533400219414 -0.2408768370508402 0
0.4411456132174861 -0.2353519660826486 0
0.4440682244067815 -0.2297899303107261 0
0.4469207120756409 -0.2241916080449982 0
0.4497026257831943 -0.2185578833254483 0
0.4524135262330184 -0.212889645782518 0
0.4550529853425063 -0.2071877904966236 0
0.457620586310467 -0.2014532178568127 0
0.4601159236829431 -0.1956868334185825 0
0.4625386034172368 -0.1898895477608817 0
0.4648882429441332 -0.1840622763423199 0
0.4671644712283133 -0.1782059393566062 0
0.4693669288269441 -0.1723214615872392 0
0.4714952679464391 -0.1664097722614739 0
0.4735491524973788 -0.1604718049035852 0
0.4755282581475832 -0.154508497187454 0
0.4774322723733276 -0.1485207907884976 0
0.4792608945086939 -0.1425096312349681 0
0.4810138357930486 -0.1364759677586425 0
0.4826908194166424 -0.1304207531449282 0
0.4842915805643208 -0.124344943582407 0
0.4858158664573419 -0.1182494985118419 0
0.4872634363932933 -0.11213538047467 0
0.4886340617841012 -0.1060035549610066 0
0.4899275261921277 -0.0998549902571827 0
0.4911436253643483 -0.0936906572928414 0
0.4922821672646064 -0.08751152948761702 0
0.4933429721039375 -0.0813185825974207 0
0.4943258723689603 -0.07511279456035733 0
0.4952307128483286 -0.06889514534229774 0
0.4960573506572416 -0.06266661678213074 0
0.4968056552600066 -0.05642819243671938 0
0.4974755084906523 -0.0501808574255859 0
0.4980668045715881 -0.04392559827534996 0
0.4985794501303086 -0.03766340276394466 0
0.4990133642141372 -0.03139525976463491 0
0.4993684783030098 -0.02512215908986294 0
0.4996447363202954 -0.01884509133494536 0
0.4998420946416505 -0.01256504772164677 0
0.4999605221019083 -0.006283019941654277 0
0.5 2.20819958125884e-014 0