-0.987339 -0.158623 0
0.752872 0.658168 0
0.852937 0.522014 0
-0.78632 -0.61782 0
0.541671 -0.84059 0
-0.946441 -0.322878 0
0.190077 -0.981769 0
-0.983239 0.182322 0
0.658594 0.752498 0
-0.9139 -0.405939 0
0.991267 -0.131874 0
-0.863522 0.504311 0
-0.22568 0.974202 0
0.808176 0.588941 0
-0.548435 0.836193 0
0.612524 0.790452 0
-0.486951 -0.873429 0
-0.692156 -0.721747 0
0.0570812 0.99837 0
0.502153 0.864779 0
0.381164 0.924507 0
-0.301771 0.95338 0
0.989946 0.141448 0
-0.59137 0.806401 0
-0.985902 0.167326 0
-0.554235 -0.83236 0
-0.645792 -0.763513 0
-0.0382244 -0.999269 0
0.20483 0.978797 0
-0.760785 0.649005 0
0.866992 -0.498321 0
0.310771 -0.950485 0
0.718845 -0.695171 0
-0.480285 0.877112 0
-0.969496 0.245106 0
0.833291 0.552834 0
0.982376 0.186914 0
-0.746575 -0.665301 0
0.282274 0.959334 0
-0.431417 -0.902153 0
0.160581 0.987023 0
-0.645378 -0.763863 0
0.948843 0.315747 0
-0.603487 -0.797373 0
-0.0294685 -0.999566 0
-0.300966 0.953635 0
0.0940667 -0.995566 0
0.0391582 0.999233 0
-0.791665 -0.610955 0
0.887705 0.460412 0
0.908357 -0.418197 0
-0.430056 -0.902802 0
-0.418667 0.90814 0
-0.926197 0.377041 0
0.996964 -0.0778657 0
-0.895488 -0.445085 0
-0.359748 0.93305 0
-0.47237 0.8814 0
-0.713424 0.700732 0
0.440197 -0.897901 0
0.57614 0.817351 0
0.97557 0.21969 0
-0.596962 -0.80227 0
0.517641 0.855598 0
0.517796 -0.855504 0
-0.993093 -0.11733 0
0.0670889 -0.997747 0
0.517125 0.85591 0
0.969857 -0.243674 0
-0.966759 -0.255689 0
0.500536 0.865716 0
-0.406237 -0.913768 0
0.984615 -0.17474 0
0.957824 -0.287355 0
-0.786431 -0.617678 0
0.984148 0.177351 0
-0.181676 0.983359 0
0.719808 -0.694173 0
-0.103655 0.994613 0
-0.415873 -0.909423 0
0.946333 0.323192 0
0.996744 0.0806303 0
0.852149 0.523299 0
0.17338 -0.984855 0
0.770062 0.637969 0
-0.788327 0.615257 0
-0.653963 0.756527 0
0.896252 -0.443545 0
0.382613 0.923909 0
0.95441 0.298498 0
-0.179007 -0.983848 0
0.466257 -0.884649 0
-0.585896 0.810386 0
0.764793 0.644276 0
0.057021 0.998373 0
0.725364 -0.688365 0
-0.0588567 0.998266 0
-0.640283 0.768139 0
-0.0859117 0.996303 0
-0.870451 -0.492255 0
0.333768 0.942655 0
0.786078 0.618128 0
-0.424534 0.905412 0
0.204004 0.97897 0
-0.958213 0.286055 0
-0.83953 0.543313 0
-0.998527 -0.0542575 0
0.997481 0.0709326 0
0.859179 -0.511675 0
0.549317 -0.835614 0
0.741871 0.670542 0
0.840397 -0.541971 0
0.852023 0.523504 0
-0.820221 0.572047 0
0.814496 -0.580169 0
-0.223271 -0.974756 0
-0.356933 -0.93413 0
-0.992171 -0.124889 0
0.231949 0.972728 0
0.977825 -0.209425 0
-0.998206 0.0598743 0
0.486187 0.873855 0
0.9933 0.115563 0
0.997382 0.0723157 0
0.840103 -0.542427 0
0.251583 -0.967836 0
0.369169 -0.929362 0
-0.430981 -0.902361 0
-0.943875 -0.330304 0
0.659547 0.751664 0
0.761195 -0.648523 0
0.984361 0.176165 0
0.0383751 0.999263 0
-0.9936 0.112958 0
0.0498378 -0.998757 0
0.814356 -0.580366 0
0.497176 -0.86765 0
0.956919 0.290356 0
0.820169 -0.572122 0
-0.533649 0.845706 0
0.934429 0.35615 0
-0.973408 -0.229079 0
0.9855 0.169673 0
-0.999342 -0.0362719 0
-0.903149 -0.429326 0
0.848969 -0.528443 0
0.177732 0.984079 0
0.977355 0.211606 0
0.777975 -0.628295 0
-0.694025 0.719951 0
0.833924 0.551879 0
-0.182506 0.983205 0
-0.212838 -0.977087 0
0.242041 -0.970266 0
0.248197 0.96871 0
0.116726 0.993164 0
0.0662467 0.997803 0
0.993068 0.117539 0
0.917649 0.397392 0
-0.814268 0.580488 0
0.760648 -0.649165 0
0.914523 0.404534 0
-0.999707 0.0242007 0
-0.917589 -0.39753 0
-0.983118 0.182974 0
0.317943 -0.94811 0
0.731778 -0.681543 0
0.612286 0.790636 0
-0.163288 0.986578 0
-0.884834 0.465906 0
0.654305 -0.756231 0
-0.29809 -0.954538 0
0.871532 -0.490339 0
0.760295 -0.649578 0
-0.988763 0.14949 0
0.927708 0.373307 0
-0.906469 -0.422272 0
0.0908251 0.995867 0
-0.0591576 0.998249 0
-0.00234575 -0.999997 0
0.971756 -0.235988 0
-0.928617 0.37104 0
-0.918283 0.395925 0
0.584062 0.811709 0
-0.940269 -0.340432 0
-0.983217 0.182441 0
0.486661 0.873591 0
0.724326 -0.689458 0
0.999946 0.0103886 0
-0.455996 0.889982 0
-0.479703 0.877431 0
-0.27638 0.961048 0
0.593046 -0.805169 0
-0.190994 0.981591 0
0.899208 0.437521 0
-0.392051 0.919943 0
-0.998967 -0.0454472 0
0.692483 0.721434 0
0.319258 -0.947668 0
0.308249 0.951306 0
-0.577987 0.816046 0
0.71133 0.702858 0
-0.813252 -0.581911 0
-0.85399 0.52029 0
-0.838119 -0.545487 0
-0.824587 0.565735 0
0.874774 0.484531 0
-0.269228 0.963077 0
-0.858793 0.512323 0
0.694741 -0.71926 0
-0.875197 -0.483767 0
0.990124 -0.140195 0
0.803488 0.59532 0
0.74401 -0.668168 0
-0.895408 -0.445247 0
-0.397442 -0.917627 0
-1 -0.000271299 0
-0.242656 0.970113 0
-0.101856 0.994799 0
0.0587063 -0.998275 0
0.755603 -0.65503 0
-0.879631 -0.475656 0
-0.979857 0.199699 0
-0.949932 0.312456 0
-0.754318 0.656509 0
-0.281609 -0.959529 0
0.834854 -0.550471 0
-0.232916 0.972497 0
-0.840021 0.542553 0
-0.678785 -0.734337 0
0.454842 0.890572 0
0.957285 0.289144 0
-0.390331 -0.920674 0
0.792052 0.610454 0
0.130325 -0.991471 0
0.477401 0.878686 0
0.187412 0.982281 0
-0.934182 -0.356798 0
-0.858608 0.512633 0
-0.495789 0.868443 0
0.990065 -0.140613 0
0.264667 0.96434 0
0.984105 0.177589 0
0.933999 0.357276 0
-0.940802 -0.338957 0
-0.472104 0.881543 0
-0.561057 -0.827777 0
-0.0732122 -0.997316 0
0.13835 -0.990383 0
0.979159 0.203094 0
-0.691895 -0.721998 0
0.223535 0.974696 0
0.998479 0.0551304 0
0.599836 -0.800123 0
-0.319058 0.947735 0
0.169816 0.985476 0
-0.624704 -0.780862 0
-0.679714 -0.733477 0
0.951925 0.306332 0
-0.015688 0.999877 0
0.303007 -0.952988 0
-0.315799 -0.948826 0
0.772365 -0.635179 0
-0.653735 0.756724 0
-0.981465 0.191639 0
-0.638058 -0.769989 0
0.292975 -0.95612 0
-0.804725 0.593648 0
0.777217 -0.629232 0
0.988632 0.150354 0
0.753704 0.657214 0
0.822964 0.568094 0
0.589448 0.807807 0
-0.684973 -0.728569 0
-0.240549 -0.970637 0
0.674175 -0.738571 0
0.326009 -0.945367 0
-0.991231 0.132143 0
-0.117414 -0.993083 0
-0.504524 0.863398 0
-0.501241 -0.865308 0
-0.493798 -0.869577 0
0.511162 -0.859484 0
0.979525 -0.201323 0
0.839776 -0.542933 0
0.318743 -0.947841 0
0.833991 0.551779 0
-0.561706 -0.827337 0
-0.398106 -0.91734 0
0.839547 -0.543287 0
0.373385 0.927676 0
-0.796878 -0.60414 0
-0.973089 -0.230429 0
0.962057 0.272849 0
0.376292 -0.926501 0
0.992656 -0.12097 0
-0.994329 -0.106347 0
0.424343 -0.905502 0
-0.710249 -0.703951 0
-0.22233 -0.974971 0
-0.182091 0.983282 0
0.507894 0.86142 0
0.724243 -0.689545 0
-0.986302 0.164948 0
0.788827 -0.614615 0
0.730791 -0.682601 0
-0.971521 -0.236954 0
0.613667 -0.789565 0
-0.137364 0.990521 0
0.736743 -0.676173 0
-0.151719 -0.988424 0
-0.52663 0.850095 0
-0.985587 -0.169168 0
-0.359354 0.933201 0
-0.802968 -0.596023 0
0.415187 0.909736 0
0.743083 -0.669199 0
-0.77807 0.628177 0
0.417435 -0.908707 0
0.946528 0.322621 0
0.216989 -0.976174 0
0.398631 0.917111 0
0.138409 -0.990375 0
0.799149 -0.601133 0
-0.206453 -0.978457 0
-0.813042 -0.582205 0
-0.101316 -0.994854 0
-0.352406 0.935847 0
0.621412 -0.783484 0
0.366029 0.930603 0
-0.755267 0.655417 0
-0.641209 0.767366 0
-0.155294 0.987868 0
-0.348736 -0.937221 0
0.911763 -0.410717 0
-0.137723 0.990471 0
0.822827 0.568292 0
0.777786 -0.628529 0
0.686837 -0.726811 0
-0.20545 -0.978668 0
-0.918426 0.395593 0
0.195774 0.980649 0
0.0194746 0.99981 0
-0.97717 -0.21246 0
0.591297 0.806454 0
0.604808 0.796371 0
-0.899801 -0.4363 0
-0.999998 -0.00177852 0
-0.918426 0.395593 0
-0.999582 -0.0289015 0
-0.897039 0.441951 0
0.0149345 -0.999888 0
-0.719369 0.694629 0
-0.986292 0.165007 0
-0.943974 -0.330019 0
-0.971507 -0.237013 0
0.0506206 -0.998718 0
-0.908167 0.418607 0
-0.747657 -0.664085 0
0.914815 -0.403872 0
0.884089 -0.467319 0
-0.196099 -0.980584 0
0.0742042 0.997243 0
-0.214251 -0.976779 0
0.647701 -0.761895 0
0.652251 0.758003 0
-0.999939 -0.0110819 0
0.799837 -0.600217 0
0.809877 -0.586599 0
0.871975 -0.48955 0
-0.971062 -0.238828 0
-0.523191 -0.852215 0
0.366927 0.93025 0
-0.772192 0.635389 0
-0.741406 -0.671057 0
0.940791 0.338986 0
0.93158 0.363536 0
0.534847 -0.844949 0
0.95502 0.296541 0
0.977278 0.21196 0
0.962172 0.272443 0
-0.904053 0.42742 0
0.792199 0.610263 0
-0.39244 0.919778 0
-0.3166 -0.948559 0
0.921868 -0.387504 0
0.941789 -0.336205 0
-0.998059 -0.0622814 0
-0.680598 0.732657 0
0.994132 0.108175 0
-0.582176 -0.813063 0
0.987686 -0.15645 0
0.888924 -0.458056 0
-0.825303 0.56469 0
-0.190106 0.981764 0
-0.991515 0.129991 0
-0.833874 -0.551955 0
-0.780726 -0.624873 0
-0.98579 -0.16798 0
-0.844226 0.535988 0
-0.531557 -0.847023 0
0.904863 -0.425702 0
-0.843773 -0.5367 0
-0.70538 -0.708829 0
0.357693 0.933839 0
0.198966 -0.980006 0
-0.317171 -0.948368 0
-0.666399 -0.745595 0
-0.783768 0.621053 0
0.705999 -0.708212 0
-0.0755569 0.997141 0
-0.712029 0.70215 0
-0.989623 -0.143686 0
0.19802 -0.980198 0
-0.887913 -0.460011 0
0.223594 0.974682 0
-0.661018 0.75037 0
0.35668 0.934227 0
-0.170618 -0.985337 0
0.988885 -0.148685 0
-0.191704 0.981453 0
0.926026 -0.377459 0
0.998954 0.0457183 0
-0.924252 -0.381782 0
0.285512 -0.958375 0
0.947226 -0.320566 0
-0.96241 -0.271602 0
-0.80901 -0.587795 0
0.977837 -0.209366 0
-0.434569 0.900639 0
0.307962 0.951399 0
-0.448666 0.893699 0
-0.273598 -0.961844 0
-0.97547 -0.220131 0
0.638684 0.769469 0
-0.50792 -0.861404 0
0.632386 0.774654 0
-0.951657 -0.307164 0
-0.814198 0.580587 0
0.160403 0.987052 0
0.797479 0.603347 0
0.489082 -0.872238 0
-0.777691 0.628646 0
0.163377 -0.986564 0
-0.938214 0.346056 0
-0.788364 0.615209 0
-0.197814 0.98024 0
-0.979592 0.200998 0
0.883976 -0.467532 0
-0.913998 -0.405719 0
-0.648733 0.761016 0
0.283489 0.958976 0
-0.298436 -0.95443 0
-0.26487 -0.964284 0
0.67208 0.740479 0
0.832991 0.553286 0
-0.422841 -0.906204 0
-0.891145 -0.453719 0
-0.985831 -0.167742 0
0.234235 -0.97218 0
0.999592 0.0285701 0
0.825558 -0.564317 0
0.992324 0.123663 0
0.389637 0.920968 0
0.349103 0.937084 0
0.0329334 -0.999458 0
-0.666758 -0.745274 0
-0.659161 -0.752002 0
-0.600583 0.799562 0
-0.979324 -0.202297 0
0.996154 -0.087618 0
0.808779 0.588112 0
0.995842 0.0911008 0
0.108679 0.994077 0
0.910795 0.41286 0
0.165518 -0.986207 0
-0.291158 -0.956675 0
0.9545 0.298211 0
0.391302 0.920262 0
0.71767 0.696383 0
-0.967419 0.253182 0
-0.433482 0.901162 0
-0.863583 0.504207 0
0.985947 -0.167058 0
-0.458194 0.888852 0
-0.775907 -0.630847 0
0.19802 -0.980198 0
-0.515912 -0.856642 0
0.742477 -0.669871 0
-0.999981 0.00613839 0
0.332119 0.943237 0
0.812778 0.582573 0
-0.996876 0.0789776 0
-0.16424 0.98642 0
-0.887969 -0.459903 0
-0.891063 -0.45388 0
0.0754667 -0.997148 0
-0.943615 -0.331043 0
-0.861876 -0.507119 0
-0.995839 -0.0911308 0
0.471546 0.881841 0
-0.7297 -0.683768 0
0.879445 0.476001 0
-0.299931 -0.953961 0
-0.952284 -0.305213 0
0.994548 -0.104279 0
0.0373509 0.999302 0
-0.621577 0.783353 0
-0.548183 0.836358 0
0.908357 -0.418197 0
-0.792034 -0.610478 0
0.995924 0.0902001 0
0.151749 0.988419 0
0.135483 0.99078 0
-0.906367 -0.422491 0
-0.373805 -0.927507 0
0.153834 0.988097 0
-0.969022 -0.246976 0
0.590081 0.807344 0
0.957997 -0.286777 0
0.761391 -0.648293 0
0.764443 0.644691 0
-0.0590975 0.998252 0
-0.704482 -0.709722 0
-0.487793 0.872959 0
0.692091 0.72181 0
-0.723432 -0.690396 0
0.996096 -0.0882786 0
-0.0596993 0.998216 0
0.30111 -0.953589 0
-0.977489 -0.210987 0
0.409073 -0.912502 0
0.0767892 -0.997047 0
0.711923 -0.702258 0
0.570196 -0.821509 0
0.973745 -0.227641 0
0.0733625 0.997305 0
-0.533904 0.845545 0
-0.896719 0.4426 0
-0.365496 -0.930813 0
-0.731017 0.682359 0
-0.985577 -0.169228 0
0.809665 -0.586892 0
-0.302806 0.953052 0
-0.815142 0.579261 0
0.699639 -0.714497 0
-0.981615 0.19087 0
-0.743788 0.668415 0
0.0232117 -0.999731 0
-0.740313 -0.672262 0
-0.765744 0.643146 0
0.323443 0.946248 0
0.14708 -0.989125 0
-0.634275 0.773107 0
-0.847644 -0.530566 0
0.932432 -0.361345 0
0.223888 -0.974615 0
0.231597 0.972812 0
0.960372 -0.278721 0
0.495867 -0.868398 0
0.69109 0.722769 0
-0.340625 -0.940199 0
0.681503 -0.731815 0
0.94767 -0.319252 0
-0.971848 0.235607 0
-0.995158 -0.0982919 0
-0.356708 -0.934216 0
-0.706149 0.708063 0
0.986078 -0.166286 0
-0.927877 -0.372887 0
0.368216 -0.92974 0
0.0377726 0.999286 0
0.966721 0.255835 0
0.00237589 0.999997 0
0.508413 0.861113 0
-0.964863 -0.262753 0
0.798823 -0.601566 0
-0.899538 -0.436843 0
-0.993171 -0.116671 0
-0.902605 -0.43047 0
-0.276149 0.961115 0
-0.857059 -0.515219 0
-0.84873 0.528827 0
-0.386036 0.922484 0
0.994307 0.106557 0
0.438843 0.898564 0
0.996973 -0.0777455 0
0.799221 -0.601037 0
0.878784 0.47722 0
-0.887858 -0.460118 0
0.866872 -0.49853 0
0.415955 0.909385 0
0.998087 -0.0618301 0
0.111376 -0.993778 0
0.231538 0.972826 0
-0.694286 0.7197 0
0.952293 0.305184 0
0.604664 0.796481 0
0.3176 -0.948225 0
0.998489 0.0549498 0
-0.913924 -0.405884 0
-0.0492056 0.998789 0
-0.549342 0.835597 0
0.952935 -0.303174 0
-0.344193 0.938899 0
0.922335 -0.386392 0
-0.646712 -0.762734 0
0.813305 0.581838 0
0.223888 -0.974615 0
-0.958437 0.285304 0
0.952807 -0.303576 0
-0.880976 0.473162 0
0.564123 -0.825691 0
0.9902 -0.139658 0
0.385451 -0.922728 0
0.988992 -0.147969 0
-0.887497 -0.460813 0
-0.431199 -0.902257 0
-0.973615 -0.228199 0
0.994125 0.108235 0
-0.0932564 0.995642 0
0.333995 0.942575 0
-0.928146 -0.372216 0
0.882846 0.469662 0
0.973511 0.228639 0
0.102485 -0.994735 0
-0.969126 -0.246567 0
-0.0220966 -0.999756 0
0.809736 -0.586795 0
-0.999867 0.0162853 0
0.990978 0.134025 0
0.285685 -0.958324 0
-0.753169 -0.657827 0
0.100626 0.994924 0
-0.897013 0.442005 0
0.142905 0.989736 0
-0.874613 -0.484821 0
0.662397 -0.749153 0
0.532961 -0.84614 0
-0.27667 0.960965 0
-0.947641 0.319338 0
0.98298 -0.183715 0
0.862746 -0.505638 0
0.248781 0.96856 0
-0.0663971 0.997793 0
-0.934289 -0.356516 0
0.954751 0.297405 0
0.862288 0.506418 0
0.640214 -0.768197 0
-0.999949 -0.0101173 0
0.515731 0.856751 0
-0.0689234 0.997622 0
0.84916 -0.528136 0
0.433998 -0.900914 0
-0.975998 0.217778 0
-0.332034 -0.943268 0
-0.635207 0.772342 0
-0.112005 0.993708 0
0.962155 0.272501 0
0.9468 0.321822 0
-0.922602 0.385752 0
-0.814933 0.579555 0
0.704375 0.709828 0
0.871946 -0.489603 0
-0.804725 0.593648 0
0.327946 -0.944696 0
-0.849558 0.527496 0
0.102545 -0.994728 0
-0.40811 0.912933 0
0.971414 0.237394 0
-0.076098 0.9971 0
-0.699703 0.714434 0
0.772441 -0.635086 0
-0.501658 -0.865066 0
-0.783731 0.6211 0
-0.824519 0.565834 0
0.840169 -0.542325 0
0.661629 -0.749832 0
0.978051 -0.208364 0
-0.955225 0.295879 0
0.997989 0.0633945 0
0.99463 -0.103499 0
0.538475 0.842642 0
-0.832741 -0.553663 0
-0.0315174 0.999503 0
-0.822912 -0.568168 0
-0.93091 -0.365249 0
0.999996 0.0026527 0
-0.886885 -0.46199 0
0.389582 0.920992 0
0.00617405 -0.999981 0
0.399516 0.916726 0
-0.40965 0.912243 0
0.935157 -0.354234 0
0.639612 0.768698 0
-0.941718 0.336404 0
0.994132 0.108175 0
-0.896185 0.44368 0
0.955661 -0.294468 0
0.71704 0.697032 0
0.938078 -0.346423 0
0.603751 0.797173 0
-0.658526 -0.752558 0
0.997519 -0.0703914 0
-0.996162 0.0875279 0
0.749117 -0.662438 0
-0.866105 -0.499862 0
0.812954 0.582328 0
-0.781893 -0.623413 0
-0.674999 0.737819 0
0.85177 0.523915 0
0.941016 0.338362 0
-0.896773 0.442491 0
0.900707 -0.434428 0
0.646551 0.76287 0
0.866662 0.498896 0
0.996154 -0.087618 0
-0.710461 -0.703737 0
0.997935 0.0642368 0
0.996222 -0.0868372 0
0.96971 -0.244258 0
0.658685 0.752419 0
-0.803399 -0.595441 0
-0.835203 0.549942 0
0.612048 0.790821 0
0.98743 -0.158057 0
0.99873 -0.0503742 0
-0.416859 0.908971 0
-0.666983 0.745073 0
-0.999998 -0.00214025 0
0.284067 -0.958804 0
0.928516 -0.371292 0
0.162961 0.986633 0
0.67422 -0.738531 0
0.592803 -0.805348 0
0.995172 0.0981419 0
0.96974 -0.244141 0
0.604616 0.796517 0
0.584405 -0.811462 0
0.618337 0.785913 0
-0.204565 -0.978853 0
-0.632596 -0.774482 0
0.999101 -0.0424056 0
-0.553081 -0.833128 0
-0.979055 -0.203596 0
-0.332659 -0.943047 0
-0.960128 -0.27956 0
0.989809 0.142403 0
0.540911 -0.84108 0
0.198966 -0.980006 0
-0.504628 0.863337 0
-0.914193 -0.405278 0
0.991235 -0.132113 0
-0.108829 -0.99406 0
-0.937314 -0.348487 0
-0.160849 -0.986979 0
0.95043 -0.310938 0
-0.596575 -0.802558 0
0.957425 0.288683 0
-0.0285646 -0.999592 0
-0.0769395 0.997036 0
0.534592 -0.84511 0
-0.707173 0.707041 0
-0.187027 -0.982355 0
0.937156 0.34891 0
0.900968 -0.433885 0
0.778278 -0.627919 0
0.985653 0.168782 0
-0.998655 0.0518494 0
-0.533088 0.84606 0
0.324869 0.945759 0
0.00213474 0.999998 0
-0.937587 -0.347752 0
-0.325354 -0.945592 0
-0.962606 0.270906 0
-0.454332 -0.890833 0
0.80775 0.589525 0
-0.400151 0.916449 0
-0.782381 0.6228 0
0.0564191 0.998407 0
-0.999808 -0.0196007 0
-0.20427 -0.978915 0
-0.895783 -0.444491 0
0.999637 0.0269429 0
-0.0750159 -0.997182 0
0.659592 0.751624 0
0.101646 -0.994821 0
-0.998897 -0.0469528 0
-0.896773 0.442491 0
0.275308 -0.961356 0
-0.466071 0.884748 0
-0.900641 0.434564 0
-0.829983 0.557789 0
0.408137 -0.912921 0
0.717502 0.696556 0
0.985714 0.168426 0
-0.365608 -0.930769 0
-0.951749 -0.306877 0
0.955056 0.296426 0
0.571632 -0.82051 0
0.896145 -0.443762 0
-0.204742 -0.978816 0
-0.634508 0.772916 0
0.897186 -0.441653 0
0.111675 -0.993745 0
0.673061 0.739587 0
0.569057 0.822298 0
0.993637 -0.112628 0
-0.61331 0.789842 0
-0.693852 0.720118 0
0.556517 -0.830836 0
-0.803614 -0.595151 0
0.642249 -0.766496 0
-0.678475 -0.734624 0
0.647241 -0.762285 0
0.524244 0.851568 0
0.454198 0.890901 0
-0.99957 -0.0293234 0
-0.225856 0.974161 0
0.108619 0.994083 0
-0.813182 -0.582009 0
0.97221 -0.234113 0
0.216989 -0.976174 0
-0.510877 0.859654 0
-0.0912153 -0.995831 0
-0.633949 0.773375 0
0.931163 0.364603 0
0.999442 -0.03341 0
0.447454 0.894307 0
0.935434 -0.353501 0
0.879043 0.476743 0
0.999887 -0.0150496 0
0.672125 0.740438 0
-0.496731 0.867905 0
0.804814 -0.593527 0
-0.741325 -0.671146 0
-0.924298 -0.381671 0
0.999701 -0.0244719 0
-0.0425617 0.999094 0
0.666511 0.745495 0
-0.126229 -0.992001 0
-0.142994 -0.989724 0
-0.698065 -0.716035 0
-0.950477 0.310794 0
-0.815003 0.579457 0
0.256791 0.966467 0
-0.351954 0.936017 0
0.915738 -0.401775 0
0.306527 0.951862 0
0.98742 -0.158117 0
0.994441 -0.105298 0
-0.316886 -0.948464 0
-0.978944 -0.204127 0
0.992008 0.126175 0
0.377129 -0.926161 0
-0.562354 -0.826896 0
-0.631942 -0.775016 0
0.999645 0.0266416 0
-0.788661 0.614829 0
-0.994526 0.104489 0
-0.632362 -0.774673 0
0.928404 0.371572 0
-0.535178 0.844739 0
0.171361 0.985208 0
0.0679911 -0.997686 0
-0.787622 -0.616159 0
0.659954 0.751306 0
0.54619 0.837661 0
-0.455137 -0.890421 0
-0.118312 -0.992976 0
-0.972019 0.234904 0
0.955413 -0.295274 0
-0.935317 0.353811 0
0.207072 -0.978326 0
-0.998689 0.0511871 0
0.981018 0.193917 0
-0.290812 -0.95678 0
-0.743103 0.669177 0
-0.0155072 0.99988 0
0.853848 -0.520522 0
-0.941026 -0.338333 0
-0.928818 0.370536 0
-0.376487 0.926422 0
-0.992291 -0.123932 0
-0.98066 -0.195721 0
0.454144 0.890928 0
-0.450282 0.892886 0
0.996243 -0.086597 0
0.661674 -0.749792 0
0.977227 0.212195 0
-0.44624 -0.894913 0
-0.761019 0.648729 0
-0.051313 0.998683 0
-0.541393 0.84077 0
-0.880176 0.474648 0
0.943885 0.330275 0
0.481633 -0.876373 0
-0.306843 -0.95176 0
-0.144247 -0.989542 0
0.00472714 -0.999989 0
0.508101 0.861297 0
-0.818077 -0.575109 0
0.973621 0.22817 0
0.935306 -0.353839 0
0.872417 -0.488762 0
-0.448235 0.893916 0
0.031427 -0.999506 0
0.479941 -0.877301 0
-0.171391 -0.985203 0
-0.47019 -0.882565 0
0.291822 0.956473 0
-0.425734 0.904848 0
0.204889 0.978785 0
0.892875 -0.450304 0
0.797261 0.603635 0
0.703733 0.710465 0
-0.560908 -0.827878 0
-0.341702 -0.939808 0
0.0464053 0.998923 0
0.0122218 0.999925 0
0.991566 -0.129602 0
-0.373525 -0.92762 0
0.992265 0.124141 0
-0.994316 -0.106467 0
0.120258 -0.992743 0
0.924953 0.380082 0
0.496286 -0.868159 0
0.407587 0.913167 0
0.46145 0.887166 0
0.471174 0.88204 0
-0.248518 -0.968627 0
-0.548435 0.836193 0
0.829125 0.559064 0
-0.782569 0.622564 0
0.730091 0.68335 0
-0.389887 -0.920863 0
0.571483 -0.820614 0
-0.617602 -0.786491 0
0.11918 0.992873 0
-0.883285 -0.468837 0
-0.943596 -0.3311 0
0.959545 0.281557 0
0.941464 -0.337113 0
-0.324499 -0.945886 0
0.951777 0.306791 0
0.284298 -0.958736 0
-0.368749 0.929529 0
-0.471413 -0.881913 0
-0.76706 0.641575 0
-0.481607 0.876388 0
-0.766944 0.641714 0
0.997507 -0.0705718 0
0.99896 0.0455978 0
0.813165 0.582034 0
-0.00234575 -0.999997 0
0.825524 -0.564367 0
-0.197104 -0.980383 0
0.281233 0.959639 0
0.125781 0.992058 0
0.979245 0.202681 0
0.838234 0.54531 0
0.180282 0.983615 0
0.632199 0.774806 0
0.277278 -0.96079 0
0.414364 0.910111 0
-0.857834 0.513927 0
0.934171 0.356826 0
0.293609 -0.955926 0
-0.610545 -0.791982 0
0.999709 -0.0241102 0
0.996651 0.081772 0
0.440901 -0.897556 0
-0.711012 -0.70318 0
0.937534 0.347893 0
0.162842 0.986652 0
0.985592 0.169139 0
-0.962606 0.270906 0
0.545937 0.837826 0
-0.966713 -0.255864 0
0.862624 -0.505846 0
0.891814 0.452402 0
0.999014 0.0443933 0
-0.129817 0.991538 0
-0.960196 0.279329 0
-0.291216 -0.956657 0
-0.79431 0.607513 0
-0.725634 0.688081 0
0.729349 0.684142 0
-0.331579 -0.943428 0
-0.815212 0.579162 0
0.994453 -0.105178 0
-0.911676 0.41091 0
0.243328 -0.969944 0
-0.995287 0.0969719 0
-0.619308 -0.785148 0
0.858004 -0.513642 0
0.309395 -0.950933 0
-0.731922 0.681389 0
0.997434 0.0715941 0
-0.997568 0.0696998 0
